50 15 37 48
30   0  63  32  78  79  99  27  34  52  62  86  41  41  35  27  51  53
4  32  46  59   8  95   2  25  97  62  54  88  11  60  44  62   1  34
15  29   8  17  66  54  68  31  10  16  62  34  17  92  38   4  24  12
77  45  46  25  79  26  27  20   5  54  82  79  85  84  39  32  88  30
33  84  31  30  79  37  85  16   4  21  93  58  93  14  62  27  49  77
71  24  51  53  54  80  28  45  75  87  68  42  27  16   0  95  82  94
83  98  98  66  51   2  65  85  99   4  45  97  26  30  20  37  42  74
99  46  97  28  37  74  37  15  81  59  81  63  46  96  35  91   9  61
73   6  57  79  96   7  32  45  59  16  75  98  46  45  79  21  54  98
4  50  92  46  31  20  32  23  55  28  69  49  63   7  41  14  31  47
15  82  35  56  33  73  86  78  61  64  55  88  51  50  37  93  84  97
7  90   2  20  55  69  31  46  89   7  31  15   7  21  12  89  22  74
5  34  54  27  76  92  66  27  88  60  66  58  51  79   9  19  19  39
82  17  21   9   1  66  33  26  22  51  17  82  52  11  92  11  27  61
92  45  43  96  28  84  31  47  18  29   9  71  87  10  88  62  11  28
33  58   9   8  22  90  66  48  40  91  49  42  59  32  72  14  54  95
87  78  75  43  85  92  13  54   5  55  76  66  65  33  66  74  17  98
59  92  36  35  92   8  67  64  59  35  53  44  30  10  55  36  65  33
26  31  84  97  30  85  63  64  18  40  58  53  23   1  89  11   1  93
95  59  42  81  17  40   2  85  28  96  26  89  95   3  45  56  59  95
82  28  79  36  36  58  10  32  35  14  73  56  35  33  45  44  93  26
85  71  72  25  24  94  48  60  97  81  62  27  10   4  45   9  32  81
81  81  80  72  38  66  85   1   0  32  99  89  43  90  18  85  18  36
84  44  87  11  90  75  27  36  48  14  96   1  82  14  49  37  58  70
61  92  12  90  95  31  48  60   3  64   9  96  63  93  39  92  65  16
40  16  84  79  87  68  93  60   7   0  25  73  55   1  27  56  47  20
6  19  77  63  94  24   4  12  38  19  31  46   9  62  75  77  91  77
27  38  98  25  45  78  31  68  55   2  37  49  22  32   3  84   6  86
61  80  30  89   7  88  72  28  27  95  31  82  30  56  87  72  95  20
77  93  78  77  61  95  12  24  17  75  12   6   4  68  69  78   7  24
86  88  50   1  41  86  44  40  99   7  26  35  58  23  89   5  87  87
5  35  16  22  61  40  29  80  94  72  10  34  76  63  10  58  78   5
39  69  74  52  99  62  24  94  85  94  11  78   8  71  11  16  78  67
90  49  10  96  51  70  82  47  10  82  33  93  89  98  33  61   2  97
45  75  81   0  91  68  71  18  69  21  92   0  51  84  60  93   9  15
67  83  37  30  16  88   5  20  72   4  30  48  69   7  12  44   8  15
6  70  71   9  81  80  74  41  68  68  23  18  13  15  80  49  14  98
86   0  80   6  74  99  92  60   7  91  34  25  66  25  42  82  32  49
60  11  30   8  78  54  83  25  51  79  15  20  33  29  75  50  91  76
63  75  84  62   9  59  31   4  63  80  76  42  28  60   4  31  49  26
53  27  36  90  94  67  38  81  39  47  13  56  50  18  19  56  63  76
84  24  73  57  80  78  54  77  36  93   6  91  72  98  33  66  85  74
27  60  87  72  50  61  88  38  42  64  30  82  77   2  35  14  58  18
48  22  81  73  38  55  65  28  85  23  52  75  71  21   0  32  16  50
60  31  97  67  27  69  34  45  85   8  92  78  36  21   4  62   5  10
87  77  29  71  84  11  96  11  96  42  36  15  83  51  58  19   2  25
78  62  64  39   0  62  31   6  33  55  92  49  48  47  66  13  89  30
29  29  57  48  40  33  56  10  26  77  84  39  16  59  58  23  58  23
39  92  66  32  92  25  30  69  12  62   4  75  73  33  69  27  78  17
6  18  85  71  86  73  19  76  90  98  82  46  68  21  94  72   9  27
55  37  91  24  83  50  23  16  38   5   2  49  39  61  43  90  52  87
87  82   7  26  69   5  74  94  30  44  11  76   8  63  97  95  39  44
46  70  51  28  68  92   6  76  40  48  40  72  50  37  25  26  20  86
20  14  22  68  56  23  52  50  64  62  83  48  29  38   3  24  87  77
83  18  20  44  22  70  88  26   9  58  77  86  38  37  19   5  34  28
70  42   1  84   8   8  91  55  42   5
30  0  63  32  78  79  99  27  34  52  62  86  41  41  35  27  51  53
4  32  46  59   8  95   2  25  97  62  54  88  11  60  44  62   1  34
15  29   8  17  66  54  68  31  10  16  62  34  17  92  38   4  24  12
77  45  46  25  79  26  27  20   5  54  82  79  85  84  39  32  88  30
33  84  31  30  79  37  85  16   4  21  93  58  93  14  62  27  49  77
71  24  51  53  54  80  28  45  75  87  68  42  27  16   0  95  82  94
83  98  98  66  51   2  65  85  99   4  45  97  26  30  20  37  42  74
99  46  97  28  37  74  37  15  81  59  81  63  46  96  35  91   9  61
73   6  57  79  96   7  32  45  59  16  75  98  46  45  79  21  54  98
4  50  92  46  31  20  32  23  55  28  69  49  63   7  41  14  31  47
15  82  35  56  33  73  86  78  61  64  55  88  51  50  37  93  84  97
7  90   2  20  55  69  31  46  89   7  31  15   7  21  12  89  22  74
5  34  54  27  76  92  66  27  88  60  66  58  51  79   9  19  19  39
82  17  21   9   1  66  33  26  22  51  17  82  52  11  92  11  27  61
92  45  43  96  28  84  31  47  18  29   9  71  87  10  88  62  11  28
33  58   9   8  22  90  66  48  40  91  49  42  59  32  72  14  54  95
87  78  75  43  85  92  13  54   5  55  76  66  65  33  66  74  17  98
59  92  36  35  92   8  67  64  59  35  53  44  30  10  55  36  65  33
26  31  84  97  30  85  63  64  18  40  58  53  23   1  89  11   1  93
95  59  42  81  17  40   2  85  28  96  26  89  95   3  45  56  59  95
82  28  79  36  36  58  10  32  35  14  73  56  35  33  45  44  93  26
85  71  72  25  24  94  48  60  97  81  62  27  10   4  45   9  32  81
81  81  80  72  38  66  85   1   0  32  99  89  43  90  18  85  18  36
84  44  87  11  90  75  27  36  48  14  96   1  82  14  49  37  58  70
61  92  12  90  95  31  48  60   3  64   9  96  63  93  39  92  65  16
40  16  84  79  87  68  93  60   7   0  25  73  55   1  27  56  47  20
6  19  77  63  94  24   4  12  38  19  31  46   9  62  75  77  91  77
27  38  98  25  45  78  31  68  55   2  37  49  22  32   3  84   6  86
61  80  30  89   7  88  72  28  27  95  31  82  30  56  87  72  95  20
77  93  78  77  61  95  12  24  17  75  12   6   4  68  69  78   7  24
86  88  50   1  41  86  44  40  99   7  26  35  58  23  89   5  87  87
5  35  16  22  61  40  29  80  94  72  10  34  76  63  10  58  78   5
39  69  74  52  99  62  24  94  85  94  11  78   8  71  11  16  78  67
90  49  10  96  51  70  82  47  10  82  33  93  89  98  33  61   2  97
45  75  81   0  91  68  71  18  69  21  92   0  51  84  60  93   9  15
67  83  37  30  16  88   5  20  72   4  30  48  69   7  12  44   8  15
6  70  71   9  81  80  74  41  68  68  23  18  13  15  80  49  14  98
86   0  80   6  74  99  92  60   7  91  34  25  66  25  42  82  32  49
60  11  30   8  78  54  83  25  51  79  15  20  33  29  75  50  91  76
63  75  84  62   9  59  31   4  63  80  76  42  28  60   4  31  49  26
53  27  36  90  94  67  38  81  39  47  13  56  50  18  19  56  63  76
84  24  73  57  80  78  54  77  36  93   6  91  72  98  33  66  85  74
27  60  87  72  50  61  88  38  42  64  30  82  77   2  35  14  58  18
48  22  81  73  38  55  65  28  85  23  52  75  71  21   0  32  16  50
60  31  97  67  27  69  34  45  85   8  92  78  36  21   4  62   5  10
87  77  29  71  84  11  96  11  96  42  36  15  83  51  58  19   2  25
78  62  64  39   0  62  31   6  33  55  92  49  48  47  66  13  89  30
29  29  57  48  40  33  56  10  26  77  84  39  16  59  58  23  58  23
39  92  66  32  92  25  30  69  12  62   4  75  73  33  69  27  78  17
6  18  85  71  86  73  19  76  90  98  82  46  68  21  94  72   9  27
55  37  91  24  83  50  23  16  38   5   2  49  39  61  43  90  52  87
87  82   7  26  69   5  74  94  30  44  11  76   8  63  97  95  39  44
46  70  51  28  68  92   6  76  40  48  40  72  50  37  25  26  20  86
20  14  22  68  56  23  52  50  64  62  83  48  29  38   3  24  87  77
83  18  20  44  22  70  88  26   9  58  77  86  38  37  19   5  34  28
70  42   1  84   8   8  91  55  42   5 33 11 45

