
Matrix A:
    0.60    0.57    0.17
    0.65    0.44    0.98
    0.06    0.12    0.39
    0.97    0.37    0.93
    0.25    0.31    0.02

Matrix B:
    0.87    0.95    0.97    0.42
    0.99    0.15    0.51    0.95
    0.17    0.99    0.40    0.80

Refference Matrix:
    1.12    0.82    0.94    0.93
    1.17    1.65    1.25    1.48
    0.24    0.46    0.28    0.45
    1.37    1.90    1.50    1.50
    0.53    0.30    0.41    0.42

Matrix C:
    1.12    0.82    0.94    0.93
    1.17    1.65    1.25    1.48
    0.24    0.46    0.28    0.45
    1.37    1.90    1.50    1.50
    0.53    0.30    0.41    0.42

Error Check:
    0.00    0.00    0.00    0.00
    0.00    0.00    0.00    0.00
    0.00    0.00    0.00    0.00
    0.00    0.00    0.00    0.00
    0.00    0.00    0.00    0.00
